{
  "1": {"cam_K": [1075.65091572, 0.0, 373.06888344, 0.0, 1073.90347929, 256.72159802, 0.0, 0.0, 1.0], "cam_R_w2c": [0.131133, -0.991332, 0.00812746, -0.951478, -0.128154, -0.27976, 0.278377, 0.0289526, -0.960035], "cam_t_w2c": [-9.64664, 16.1368, 789.157], "depth_scale": 0.1, "elev": 75, "mode": 0},
  "12": {"cam_K": [1075.65091572, 0.0, 376.06888344, 0.0, 1073.90347929, 260.72159802, 0.0, 0.0, 1.0], "cam_R_w2c": [0.887085, -0.461568, 0.00588921, -0.441235, -0.851618, -0.282947, 0.135615, 0.2484, -0.959117], "cam_t_w2c": [-11.4395, 13.2021, 789.859], "depth_scale": 0.1, "elev": 75, "mode": 0},
  "18": {"cam_K": [1075.65091572, 0.0, 375.06888344, 0.0, 1073.90347929, 263.72159802, 0.0, 0.0, 1.0], "cam_R_w2c": [0.999002, 0.0440182, 0.00760669, 0.0443592, -0.957481, -0.285065, -0.00526477, 0.285118, -0.958478], "cam_t_w2c": [-10.91, 11.4117, 790.125], "depth_scale": 0.1, "elev": 75, "mode": 0}
}