{
  "1": [{"cam_R_m2c": [-0.02533946, -0.99748191, -0.06624806, -0.96769545, 0.04110418, -0.24874778, 0.25084488, 0.05780463, -0.96629948], "cam_t_m2c": [-6.34907091, -66.37252163, 740.65801647], "obj_id": 19}, {"cam_R_m2c": [-0.55691945, -0.83055497, -0.00449741, -0.79865381, 0.53700023, -0.27162903, 0.2280182, -0.14768394, -0.96239096], "cam_t_m2c": [-2.7651028, -42.87739951, 781.98317618], "obj_id": 20}, {"cam_R_m2c": [0.22094017, 0.97467908, -0.03445546, 0.93684189, -0.2219203, -0.27032969, -0.2711314, 0.0274476, -0.96215051], "cam_t_m2c": [-105.08225959, 56.47529716, 754.65419322], "obj_id": 21}, {"cam_R_m2c": [0.00812747, -0.32650939, -0.94515957, -0.27976007, -0.9081882, 0.31133259, -0.96003498, 0.26188788, -0.0987258], "cam_t_m2c": [1.42591387, 68.12447134, 734.12150149], "obj_id": 22}, {"cam_R_m2c": [0.36323062, 0.0081275, 0.93166438, -0.89366363, -0.27975998, 0.35085489, 0.26349438, -0.960035, -0.09435417], "cam_t_m2c": [81.03679193, 44.37337534, 743.341424], "obj_id": 23}, {"cam_R_m2c": [-0.17131629, -0.98518309, 0.00812746, -0.94626196, 0.16224101, -0.27976, 0.27429657, -0.05561834, -0.960035], "cam_t_m2c": [-107.1836899, -35.10384717, 761.1898505], "obj_id": 24}],
  "12": [{"cam_R_m2c": [0.80375955, -0.59164945, -0.06261798, -0.57720163, -0.74992832, -0.32318158, 0.14425165, 0.29590387, -0.94426255], "cam_t_m2c": [44.2955885, -40.40938058, 733.37693704], "obj_id": 19}, {"cam_R_m2c": [0.3605042, -0.93272049, -0.008289, -0.89403666, -0.34299179, -0.28819373, 0.26596173, 0.11130584, -0.95753578], "cam_t_m2c": [37.29186579, -18.18073206, 774.9638347], "obj_id": 20}, {"cam_R_m2c": [-0.67185285, 0.74021188, -0.0264503, 0.70928603, 0.63267528, -0.3108631, -0.21337061, -0.2276154, -0.95008611], "cam_t_m2c": [-105.80564514, -41.37955783, 783.4206017], "obj_id": 21}, {"cam_R_m2c": [0.00588928, 0.58661843, -0.80984173, -0.28294703, -0.77578297, -0.5640056, -0.95911699, 0.23246444, 0.16141342], "cam_t_m2c": [-58.51880724, 46.66582932, 739.679878], "obj_id": 22}, {"cam_R_m2c": [0.97142978, 0.00588922, 0.23725304, -0.22594244, -0.28294696, 0.93214354, 0.07261986, -0.95911701, -0.27353304], "cam_t_m2c": [7.95564137, 95.78790386, 727.22294241], "obj_id": 23}, {"cam_R_m2c": [0.70846463, -0.70572139, 0.00588921, -0.67571274, -0.68070099, -0.282947, 0.20369103, 0.19647888, -0.959117], "cam_t_m2c": [-33.49166227, -97.90709595, 780.38814068], "obj_id": 24}],
  "18": [{"cam_R_m2c": [0.99337263, -0.11086943, -0.03031903, -0.11441946, -0.92876399, -0.35256956, 0.01092999, 0.3537021, -0.9352943], "cam_t_m2c": [55.25165374, -11.19606771, 724.6853367], "obj_id": 19}, {"cam_R_m2c": [0.77869577, -0.6273991, -0.00192993, -0.59965286, -0.7433467, -0.29639803, 0.18452531, 0.23196122, -0.95506255], "cam_t_m2c": [44.2930223, 6.65764924, 767.50811587], "obj_id": 20}, {"cam_R_m2c": [-0.95222442, 0.30534618, -0.0057288, 0.29058024, 0.9000852, -0.32466817, -0.09397981, -0.31082169, -0.94581063], "cam_t_m2c": [-67.29709204, -81.95583523, 795.47071065], "obj_id": 21}, {"cam_R_m2c": [0.00760677, 0.91302122, -0.40784169, -0.285065, -0.38894987, -0.87604543, -0.958478, 0.12292531, 0.25731179], "cam_t_m2c": [-74.7351786, 16.0756324, 748.18667311], "obj_id": 22}, {"cam_R_m2c": [0.95984097, 0.00760668, -0.28044236, 0.27089465, -0.28506496, 0.91943119, -0.07295047, -0.95847801, -0.27567771], "cam_t_m2c": [-42.50598729, 90.49479647, 727.9364969], "obj_id": 23}, {"cam_R_m2c": [0.96645124, -0.25673839, 0.00760669, -0.24399652, -0.9269322, -0.285065, 0.08023805, 0.27364548, -0.958478], "cam_t_m2c": [22.05744393, -96.94513097, 780.47184433], "obj_id": 24}]
}